0.609459607147  0.955586871767  -1
0.351516692488  -0.620951763273  -1
-0.720265784145  -0.384970739245  -1
0.0628238464775  0.0562373129157  -1
-0.0925755108649  0.90771664903  -1
0.549053446641  0.675465557272  -1
0.905856211573  0.0339610973241  -1
0.792538649541  0.697935928728  -1
-0.714609009688  -0.441532199612  -1
-0.628625929624  0.0538003298797  -1
-0.769608666967  -0.766795357243  -1
0.159665284521  -0.112459001848  -1
-0.0630076424992  0.114712774073  -1
0.216995162808  -0.773631086961  -1
0.855456191564  -0.930950077991  -1
-0.712513448507  0.651802743432  -1
-0.974799713229  -0.0036749509813  -1
-0.549960449885  -0.548371252052  -1
-0.287070516902  -0.632724477819  -1
-0.154316365777  -0.949957532975  -1
