1.20894608809  1.31583021794  1
3.8571697719  2.99536345048  1
1.38502325552  2.42332432166  1
2.92259152175  3.74029801673  1
2.37808578486  2.30853548261  1
2.7431714017  2.56417290553  1
2.59579733456  3.94729272994  1
2.71493947955  3.40990378005  1
2.97754327436  1.48350692918  1
1.1456779752  3.36986504989  1
3.19080585664  2.38592095996  1
3.61375429155  1.20397289094  1
3.92655002934  2.4886270705  1
1.58726933873  3.9695141862  1
3.58419393283  2.17560743127  1
1.10431111485  3.94678219587  1
1.56522127118  3.5995826713  1
1.13914648998  1.76500540023  1
4.27809911688  3.11361306173  1
4.88122757813  2.88971232209  1
