-0.974799713229  3.7870702357041255
-0.681998348661  3.3750101158415338
-0.389196984093  2.962949995978942
-0.0963956195251  2.5508898761163508
0.196405745043  2.138829756253759
0.489207109611  1.726769636391168
0.782008474179  1.3147095165285763
1.07480983875  0.9026493966659845
1.36761120331  0.49058927680339326
1.66041256788  0.0785291569408022
1.95321393245  -0.3335309629217895
2.24601529702  -0.7455910827843817
2.53881666159  -1.157651202646973
2.83161802615  -1.5697113225095642
3.12441939072  -1.9817714423721555
3.41722075529  -2.393831562234747
3.71002211986  -2.805891682097338
4.00282348443  -3.2179518019599294
4.29562484899  -3.6300119218225215
4.58842621356  -4.042072041685113
4.88122757813  -4.4541321615477045
