-0.974799713229  3.185119904895133
-0.681998348661  2.773059785032541
-0.389196984093  2.36099966516995
-0.0963956195251  1.9489395453073584
0.196405745043  1.5368794254447669
0.489207109611  1.1248193055821756
0.782008474179  0.7127591857195839
1.07480983875  0.30069906585699213
1.36761120331  -0.11136105400559915
1.66041256788  -0.5234211738681902
1.95321393245  -0.9354812937307819
2.24601529702  -1.347541413593374
2.53881666159  -1.7596015334559654
2.83161802615  -2.171661653318557
3.12441939072  -2.583721773181148
3.41722075529  -2.9957818930437394
3.71002211986  -3.4078420129063307
4.00282348443  -3.819902132768922
4.29562484899  -4.231962252631514
4.58842621356  -4.644022372494105
4.88122757813  -5.056082492356697
