4.112681504255573  1.20894608809  1.31583021794  1
3.4154811367977818  0.609459607147  0.955586871767  -1
0.6971895575506226  0.792538649541  0.697935928728  -1
8.316533210212284e-06  1.13914648998  1.76500540023  1
7.993440359207138e-06  0.549053446641  0.675465557272  -1
5.785173761941126e-06  0.905856211573  0.0339610973241  -1
2.817655903581575e-06  -0.0925755108649  0.90771664903  -1
2.153533972690878e-06  1.38502325552  2.42332432166  1
1.8948079595831934e-06  0.855456191564  -0.930950077991  -1
1.7491331815571e-06  0.0628238464775  0.0562373129157  -1
1.715805788141184e-06  0.159665284521  -0.112459001848  -1
1.6330545548195024e-06  -0.0630076424992  0.114712774073  -1
1.504818327950802e-06  0.351516692488  -0.620951763273  -1
1.4853246405529304e-06  1.1456779752  3.36986504989  1
1.3486085919585116e-06  -0.712513448507  0.651802743432  -1
1.2792528420438052e-06  0.216995162808  -0.773631086961  -1
1.175126077025031e-06  1.10431111485  3.94678219587  1
1.1063747937722423e-06  2.37808578486  2.30853548261  1
1.103818608238682e-06  -0.628625929624  0.0538003298797  -1
1.0986330334937938e-06  2.97754327436  1.48350692918  1
1.0479401499975653e-06  1.56522127118  3.5995826713  1
1.0240908009471126e-06  -0.287070516902  -0.632724477819  -1
9.792817111081017e-07  -0.154316365777  -0.949957532975  -1
9.308098335205423e-07  -0.549960449885  -0.548371252052  -1
9.16060455286163e-07  1.58726933873  3.9695141862  1
9.152862616235489e-07  -0.974799713229  -0.0036749509813  -1
9.087064703745391e-07  -0.720265784145  -0.384970739245  -1
8.951613263620473e-07  -0.714609009688  -0.441532199612  -1
8.91892157984283e-07  3.61375429155  1.20397289094  1
8.565494268244969e-07  2.7431714017  2.56417290553  1
7.967625221136371e-07  -0.769608666967  -0.766795357243  -1
7.562926274287883e-07  3.19080585664  2.38592095996  1
6.945105920539023e-07  3.58419393283  2.17560743127  1
6.926987164827111e-07  2.71493947955  3.40990378005  1
6.368195329775947e-07  2.59579733456  3.94729272994  1
6.035169939105749e-07  2.92259152175  3.74029801673  1
5.840487513180855e-07  3.92655002934  2.4886270705  1
5.398541998433312e-07  3.8571697719  2.99536345048  1
4.771383267431204e-07  4.27809911688  3.11361306173  1
4.32913978506854e-07  4.88122757813  2.88971232209  1
