-0.974799713229  4.389020566513118
-0.681998348661  3.976960446650526
-0.389196984093  3.5649003267879342
-0.0963956195251  3.152840206925343
0.196405745043  2.7407800870627512
0.489207109611  2.3287199672001604
0.782008474179  1.9166598473375684
1.07480983875  1.5045997274749767
1.36761120331  1.0925396076123854
1.66041256788  0.6804794877497944
1.95321393245  0.26841936788720266
2.24601529702  -0.1436407519753895
2.53881666159  -0.5557008718379808
2.83161802615  -0.9677609917005721
3.12441939072  -1.3798211115631633
3.41722075529  -1.7918812314257546
3.71002211986  -2.203941351288346
4.00282348443  -2.616001471150937
4.29562484899  -3.0280615910135293
4.58842621356  -3.4401217108761206
4.88122757813  -3.852181830738712
